98
1.01916
2.02469
2.0196
2.01939
2.98634
2.9677
2.97887
2.29619
2.53018
2.8549
3.29857
3.5737
3.5676
3.29238
2.05086
2.2264
2.76266
3.4215
3.89092
3.90497
3.50024
2.19015
2.32983
2.793
3.33166
3.75675
3.77949
3.43861
2.6936
2.74447
2.92218
3.12826
3.27829
3.29418
3.17162
3.35122
2.7456
3.077573
2.81074
2.66569
2.68257
2.82848
3.84359
3.67591
3.2075
2.60939
2.20287
2.19999
2.57565
2.01916
2.02469
2.0196
2.01939
3.98634
3.9677
3.97887
3.29619
2.53018
3.8549
2.29857
2.5737
2.5676
2.29238
3.05086
3.2264
3.76266
2.4215
2.89092
2.90497
2.50024
3.19015
3.32983
3.793
2.33166
2.75675
2.77949
2.43861
3.6936
3.74447
3.92218
2.12826
2.27829
2.29418
2.17162
2.35122
3.7456
2.077573
3.81074
3.66569
3.68257
3.82848
3.84359
2.67591
3.2075
2.60939
3.20287
3.19999
3.57565
